eval_loss = 1.5081956762334574
f1 = 0.5784313725490197
mcc = 0.4927391791483645
